31 15 16 10000
#                               #
# . .   . . . . .     . . . . . #
#. . . . . . . . . .   . . . . .#
# . . . . .   . . . . . . .   . #
#. .   . . . . . . . . . . . . .#
# . . . . . . . . . . . . . . . #
#. . . . . . .   . .   . . .   .#
# . . . . . . . . . . . . . . . #
#. . . . . . . . . . . . . . . .#
# .   . . .   . . .   . . . . . #
#. . . . . . . . . . . .   . . .#
# . . . . . . . . . . .   . . . #
#. .   . . . . . . . . . . . . .#
#                               #
#a|b|c|d|e|f|g|h|i|j|k|l|m|n|o|p#
#################################
a 27
b 239
c 617
d 542
e 43
f 596
g 700
h 222
i 701
j 816
k 622
l 124
m 234
n 625
o 845
p 104
17 4 13 19 29 14 19 16 11 22 14 7 4 12 28 25 24 6 18 24 30 9 26 29 8 16 20 14 29 2 31 6 8 23 5 21 27 15 6 22 1 24 17 3 9 24 12 26 15 21 2 14 18 10 22 8 11 16 3 9 22 25 11 23 15 13 3 18 28 9 23 27 31 14 27 20 31 30 24 27 7 5 31 26 17 16 7 9 24 29 19 17 18 27 27 20 17 15 5 22 19 18 19 27 13 11 7 11 31 17 1 8 17 15 12 26 15 13 30 15 23 3 10 26 14 25 6 21 5 11 21 30 6 28 31 10 14 24 27 18 14 31 22 15 17 23 12 27 14 12 10 9 3 14 7 25 16 18 20 24 15 11 29 5 13 1 27 14 14 24 13 21 28 24 29 29 28 20 3 28 15 14 10 19 1 12 8 26 1 8 14 27 1 3 22 31 24 9 10 28 27 14 25 22 26 31 7 3 5 3 25 23 24 31 15 14 22 24 14 26 22 8 27 14 4 23 30 1 22 29 1 14 13 28 9 23 16 16 5 19 22 29 12 26 27 2 15 25 26 5 2 13 20 5 26 11 18 25 15 26 16 28 9 20 23 31 16 28 2 12 13 3 8 12 17 29 27 1 27 23 5 10 20 22 12 28 11 5 31 29 1 1 2 15 19 11 1 9 1 8 22 9 23 14 28 11 16 13 9 6 22 28 27 3 11 11 26 15 21 1 24 17 2 1 2 12 23 5 19 8 12 21 16 18 27 18 19 3 28 31 23 5 12 28 21 4 3 9 24 10 18 3 1 14 7 28 21 25 1 2 5 14 5 2 26 6 29 10 27 5 5 27 15 13 29 21 31 2 31 8 9 9 5 23 21 21 13 8 30 22 3 31 24 16 7 30 14 29 30 7 30 31 11 30 3 14 16 7 17 27 26 12 27 18 12 1 4 8 24 6 22 5 15 16 4 26 25 13 24 22 13 12 2 1 20 13 6 7 28 19 26 29 5 28 14 29 22 10 10 6 22 21 28 27 4 16 27 12 11 17 16 21 19 24 9 22 13 14 8 28 15 18 26 30 24 9 3 20 9 7 23 27 14 28 22 7 16 22 9 24 10 20 20 9 15 24 14 27 13 5 28 17 30 17 25 5 6 19 13 31 29 13 19 26 3 14 28 8 18 2 30 14 16 31 6 30 5 17 16 26 28 9 2 10 13 22 9 18 3 13 3 17 30 11 26 14 17 21 15 6 13 2 19 26 7 21 7 7 27 31 8 5 11 22 20 23 21 16 30 2 26 18 22 21 13 31 6 26 24 5 13 4 14 25 24 17 23 30 4 1 31 25 1 19 12 2 20 26 3 29 29 4 9 8 9 18 22 27 9 8 22 11 28 20 28 26 5 4 1 4 1 18 20 13 11 13 24 29 18 20 6 17 30 19 24 25 31 12 19 6 31 20 30 12 4 13 17 9 16 22 30 17 1 1 14 30 20 30 15 16 14 5 21 22 30 26 29 24 17 7 12 14 24 24 7 22 11 16 6 8 12 3 14 16 2 4 5 22 3 7 12 21 28 22 4 14 13 9 10 20 13 29 26 31 19 28 11 6 11 11 5 31 3 2 6 21 19 23 15 13 15 26 24 7 3 20 10 26 20 18 8 28 11 31 24 8 8 7 16 11 27 12 5 15 10 16 26 29 11 25 12 9 26 5 22 28 29 14 19 7 27 13 6 22 19 28 14 28 16 3 28 28 9 30 31 22 21 17 23 16 18 30 20 13 2 9 17 10 22 15 13 12 4 24 23 7 21 3 11 12 4 4 22 6 25 11 31 9 13 19 27 22 13 16 31 29 21 30 1 30 20 21 2 14 8 18 29 25 22 16 11 24 26 13 21 9 22 16 3 16 17 12 2 2 2 7 1 15 13 11 25 29 25 4 31 31 12 8 12 13 6 31 31 1 14 22 20 2 22 9 3 2 19 5 12 28 29 6 19 7 1 6 31 26 31 31 17 18 17 28 26 16 24 16 28 6 14 17 22 11 6 8 30 15 4 12 12 28 4 21 31 11 7 13 13 17 23 10 26 23 18 13 11 5 14 13 13 15 6 22 26 4 31 3 25 24 12 2 27 22 7 24 1 16 4 30 30 10 20 11 26 13 1 30 2 14 25 17 16 31 6 28 10 1 8 15 30 21 20 6 31 5 21 21 18 11 26 14 9 15 4 1 1 7 8 7 16 18 7 26 10 31 31 13 26 3 14 23 2 24 7 16 2 11 13 21 5 29 1 8 24 24 29 6 27 4 12 29 9 8 27 23 5 8 24 6 17 8 18 2 26 9 20 24 29 14 5 27 12 18 7 13 30 7 21 26 15 11 2 2 7 17 19 11 1 13 12 21 7 5 3 24 28 12 8 15 21 26 23 13 2 3 17 5 12 16 27 6 18 25 17 14 5 10 25 20 22 30 2 20 30 12 29 3 25 25 30 16 10 25 4 2 12 23 26 28 26 14 31 25 25 12 5 24 30 30 5 2 30 29 12 12 12 30 9 22 1 6 1 24 30 1 31 10 2 3 16 18 20 15 28 28 4 3 1 22 3 6 12 20 8 9 30 14 10 30 2 16 30 1 18 10 31 6 14 15 7 21 15 8 7 30 17 2 21 25 21 19 1 20 24 20 10 6 6 16 12 6 16 18 31 29 19 3 14 8 3 26 29 25 5 16 17 14 1 1 28 7 29 26 31 21 31 2 9 20 12 7 19 2 20 29 24 18 25 20 10 15 19 4 21 6 10 21 10 20 13 1 8 27 1 25 12 24 10 30 26 5 8 19 30 9 10 2 16 17 5 11 2 23 7 14 13 12 30 28 28 23 13 26 10 8 31 8 24 24 20 11 24 24 9 17 24 16 14 31 17 28 11 22 14 5 31 9 21 18 20 13 25 26 25 28 8 16 8 31 21 23 22 31 5 1 27 13 2 16 25 28 21 15 18 22 21 27 22 5 30 19 3 4 20 16 9 25 24 28 28 11 28 7 27 20 19 16 8 2 5 28 12 22 12 10 8 6 23 21 7 20 4 22 12 18 12 11 6 17 18 9 2 3 26 30 28 14 14 30 28 8 12 11 15 2 21 18 3 9 18 8 9 2 25 7 24 2 29 4 27 13 27 27 19 31 7 18 14 16 12 24 8 14 22 10 20 10 29 3 8 22 31 31 9 18 25 18 12 25 26 26 3 8 15 24 10 13 27 28 28 14 14 9 16 13 1 23 29 5 5 21 11 9 9 1 23 14 12 9 24 25 25 7 16 17 29 28 9 25 9 1 24 6 23 2 5 31 14 8 13 28 13 24 11 7 17 8 11 2 17 7 10 17 23 18 11 29 6 17 9 7 4 14 12 11 18 15 1 12 19 6 6 15 30 8 29 1 5 6 8 10 19 17 28 25 24 20 9 29 9 9 13 22 15 27 8 25 13 23 9 16 27 6 24 27 10 16 31 17 25 19 2 15 4 4 18 28 6 28 24 27 13 9 26 25 2 29 29 7 12 12 19 31 12 13 21 3 21 24 25 3 13 12 18 8 16 27 23 4 1 8 24 16 18 31 1 1 22 20 6 17 27 15 22 23 26 17 18 17 27 4 12 20 2 12 31 4 8 8 24 2 7 14 26 12 27 8 25 9 8 7 31 26 11 13 16 10 1 19 3 20 31 11 9 28 24 9 15 5 27 30 3 26 21 16 2 8 18 20 20 12 10 24 28 1 9 13 13 6 18 31 11 4 21 7 3 26 25 3 9 25 15 9 28 12 7 15 27 25 26 18 14 27 23 10 25 18 2 17 4 21 17 18 22 12 6 3 29 22 26 9 11 13 29 14 26 19 10 10 15 1 25 11 15 14 29 6 19 18 11 10 1 13 8 20 17 18 4 29 5 21 7 23 26 18 23 21 19 29 27 11 8 2 17 26 1 25 25 12 9 18 18 16 21 5 3 2 25 19 30 7 6 9 17 22 4 13 19 3 7 21 19 17 8 30 27 23 17 22 6 7 20 11 20 26 25 20 23 3 6 12 26 31 20 24 23 22 12 21 23 10 28 3 25 20 2 30 26 18 10 22 25 15 18 29 13 7 4 5 14 17 4 3 11 5 14 22 18 2 30 7 18 23 16 20 16 19 17 15 7 1 20 5 2 8 5 10 11 14 27 23 30 13 9 18 22 25 3 31 13 28 9 22 11 10 8 8 25 7 21 5 26 27 22 26 7 15 30 9 8 15 3 20 9 20 11 26 7 20 7 30 25 5 6 24 21 31 2 30 21 13 7 26 6 11 26 11 12 7 28 26 9 2 15 4 26 23 12 5 27 11 15 7 19 7 6 29 28 23 18 22 9 31 18 24 21 23 25 11 15 14 2 3 16 4 2 15 29 10 19 20 31 8 5 3 25 31 4 28 6 7 22 1 3 11 5 8 19 26 2 31 25 18 5 16 18 6 17 13 15 28 29 31 1 11 15 29 8 15 10 11 23 10 12 14 27 4 24 11 21 11 2 6 28 16 19 29 23 17 7 27 25 21 16 23 17 30 21 13 22 6 7 31 14 24 31 22 17 28 8 6 2 23 14 20 24 2 31 15 7 24 11 13 15 6 8 29 31 29 21 23 9 12 28 5 11 29 16 30 9 10 4 25 6 12 26 20 13 17 13 26 4 7 10 19 9 7 31 27 7 6 22 5 5 14 18 14 12 6 14 9 15 1 31 29 24 18 9 9 4 16 30 18 19 23 31 7 2 15 6 22 22 20 15 12 25 30 30 29 18 7 10 19 23 15 13 15 24 16 6 5 18 7 28 28 28 17 7 26 14 3 17 13 5 31 19 15 7 9 29 13 25 9 15 13 10 29 24 20 21 23 29 31 26 4 23 16 22 27 1 3 16 1 5 21 14 15 28 16 26 16 19 21 15 3 6 25 25 4 18 27 18 31 4 28 16 11 22 5 14 19 5 9 4 25 7 31 27 27 9 12 11 28 13 5 12 5 24 12 20 30 26 15 13 30 29 13 8 16 14 2 17 26 31 2 19 25 16 6 15 28 10 24 16 15 17 26 15 30 6 29 30 22 29 9 23 10 29 18 10 2 14 24 24 20 9 15 11 28 5 21 23 13 2 27 16 14 5 31 21 26 10 19 12 14 12 13 1 5 2 9 15 22 4 11 2 16 15 5 5 21 12 23 22 3 19 5 30 7 31 31 14 2 1 4 7 13 27 7 23 22 14 8 22 15 22 7 6 25 23 4 26 23 21 18 14 24 13 29 6 31 8 26 9 16 24 5 28 21 22 26 18 31 1 24 26 25 16 28 9 19 3 26 25 23 15 10 12 20 28 8 12 9 29 18 23 9 23 25 3 15 17 16 1 30 7 31 31 17 22 6 7 25 25 30 22 26 27 14 27 21 2 13 6 1 16 15 14 27 11 24 5 7 31 24 25 30 2 5 15 13 18 13 28 22 17 18 1 11 19 27 19 26 7 14 30 7 2 15 18 1 30 19 12 24 2 8 1 1 5 23 18 30 12 31 20 19 1 10 4 4 25 24 18 5 31 25 18 29 15 5 10 22 2 12 17 19 31 5 21 19 4 22 14 12 8 6 2 26 31 18 23 12 25 29 2 2 4 27 25 5 2 2 14 29 3 10 25 17 11 12 6 25 19 21 24 26 8 17 15 16 27 5 2 26 27 4 6 20 9 14 20 25 4 28 10 16 14 21 14 1 10 14 6 1 8 4 21 6 1 29 5 12 12 24 23 13 2 10 6 25 1 27 25 27 7 10 26 27 28 29 15 31 25 19 20 21 28 6 28 10 24 10 7 12 6 22 11 1 14 5 19 22 14 19 5 15 20 2 15 6 31 9 14 25 6 30 12 31 16 20 18 28 19 31 12 17 13 31 18 20 23 5 26 23 19 9 6 1 25 20 10 9 6 19 9 16 24 25 10 26 30 5 22 1 30 26 29 16 21 17 10 15 13 5 27 31 1 6 2 21 19 27 12 21 2 24 24 30 7 9 5 11 27 29 17 8 30 2 10 26 6 23 23 18 26 4 30 30 19 30 30 29 9 15 13 28 5 9 9 24 19 30 16 29 27 25 6 1 24 1 17 17 31 11 15 10 17 1 7 23 19 30 19 26 10 19 30 2 13 21 17 17 26 22 14 12 26 23 11 29 27 15 8 16 20 30 26 17 8 3 2 25 1 9 2 10 31 19 25 11 9 9 23 14 11 9 28 3 20 12 20 26 6 17 4 16 4 17 4 1 14 12 26 2 1 3 5 1 23 30 8 20 17 12 21 20 22 15 26 16 30 29 15 14 24 15 6 31 8 3 17 17 27 1 24 11 26 15 12 7 10 17 8 22 22 31 6 8 31 3 7 11 13 27 6 28 28 2 22 25 9 3 28 3 2 28 14 11 25 2 30 19 11 22 25 31 3 21 23 21 15 26 18 26 29 15 31 20 10 3 11 1 19 8 25 15 17 12 18 18 20 24 17 28 26 27 29 7 12 1 19 29 16 28 19 26 2 22 5 29 23 25 30 20 19 2 31 27 20 10 26 6 21 6 17 11 22 29 9 28 29 7 3 17 15 28 1 26 30 25 1 10 22 3 29 14 24 22 19 1 3 13 25 20 11 9 19 6 16 18 15 29 9 3 5 12 31 11 15 6 10 29 27 28 21 14 20 14 11 6 5 19 17 22 4 2 18 5 22 9 4 17 25 17 14 4 14 14 17 21 27 3 5 12 16 20 20 30 28 24 15 25 20 12 26 31 24 26 3 11 30 10 17 27 26 29 10 11 6 15 29 26 6 3 3 20 12 30 30 28 14 25 14 1 25 26 7 2 28 10 22 8 6 22 23 25 15 31 1 30 15 12 3 29 24 30 9 30 21 19 9 18 11 22 13 3 23 19 6 8 11 23 6 31 16 24 24 17 31 20 29 13 8 2 19 3 13 15 30 18 30 17 7 23 24 4 25 27 29 16 5 16 20 3 28 28 7 4 20 6 16 16 17 29 5 17 30 15 21 16 23 15 23 23 11 5 13 21 20 30 24 24 7 31 6 26 31 5 16 25 17 28 31 28 2 7 28 22 11 28 14 13 23 4 16 18 1 13 2 25 31 15 19 20 5 31 16 7 1 15 7 9 30 11 25 5 30 3 25 4 17 3 15 7 22 18 6 25 7 20 9 9 30 24 16 27 9 6 30 30 2 25 25 20 27 17 27 27 6 18 13 29 24 10 23 10 14 8 27 1 14 26 6 26 20 9 2 13 29 2 31 7 24 10 20 13 1 31 27 4 28 30 14 8 21 29 25 15 4 10 9 3 12 30 28 1 17 19 7 15 20 26 26 13 3 3 12 23 13 3 22 7 20 13 16 15 13 8 9 2 27 16 18 19 21 14 7 1 24 5 18 6 21 4 8 26 2 18 16 8 25 14 3 12 4 14 14 10 6 18 2 9 7 1 6 3 3 11 6 19 18 8 17 18 28 23 6 27 15 14 28 5 27 15 13 9 5 9 2 25 28 22 19 11 27 17 20 8 15 14 24 3 5 29 31 13 14 17 11 13 5 17 14 23 13 13 23 4 3 8 18 17 19 24 7 16 4 14 5 19 28 30 19 26 13 3 16 5 21 3 15 13 3 13 17 25 29 26 3 22 17 9 6 6 15 13 11 11 13 22 17 23 27 22 3 21 31 30 13 6 14 22 4 23 21 15 17 17 17 11 1 21 29 25 30 13 18 12 9 29 21 9 7 7 22 26 20 7 23 28 14 22 8 20 10 17 20 19 14 14 28 20 17 12 13 5 30 3 30 3 20 20 19 27 3 5 15 26 14 18 8 29 11 2 15 29 5 11 15 15 3 15 20 16 12 12 20 13 31 8 9 13 6 4 18 4 22 24 30 5 23 21 13 13 9 8 20 22 20 20 23 28 30 23 4 22 5 9 2 3 10 10 1 16 24 8 23 27 6 18 9 29 28 5 2 17 18 22 24 12 22 1 30 26 21 22 21 6 13 11 4 30 29 18 16 6 9 1 3 8 13 20 22 31 23 21 22 20 13 30 7 8 4 17 11 7 4 2 12 4 24 15 25 2 31 10 20 22 3 12 10 11 19 14 27 20 3 14 9 17 3 26 11 13 12 24 18 19 17 21 17 23 19 3 6 18 21 29 26 22 31 8 7 29 24 15 6 16 2 29 26 25 2 16 6 10 11 20 23 1 16 16 9 11 5 21 10 20 18 21 27 31 2 5 18 14 1 1 16 16 20 19 8 19 13 5 1 13 6 25 31 19 29 19 24 30 14 31 8 29 17 16 3 19 23 23 20 5 20 31 16 6 19 27 29 16 19 4 16 14 3 13 19 10 20 20 23 27 3 18 9 1 2 5 9 31 1 19 30 24 14 9 31 17 3 7 20 30 23 12 10 29 21 26 28 17 7 16 28 28 19 13 19 1 4 7 30 24 20 25 26 29 6 7 25 30 31 14 13 10 15 6 26 2 14 27 30 1 18 10 10 9 29 29 19 14 23 10 8 25 2 12 25 3 20 14 22 16 1 29 19 15 31 2 21 28 4 7 10 24 2 16 13 20 18 14 2 27 20 8 16 30 2 12 15 7 2 31 16 12 21 30 7 12 17 29 23 15 8 3 16 5 31 30 4 10 15 17 18 13 26 26 21 7 3 3 3 24 3 13 19 23 12 29 21 31 12 19 26 22 3 17 11 24 3 17 5 25 18 12 7 31 26 4 7 7 9 7 12 9 29 31 20 6 23 24 6 20 4 21 21 4 24 10 29 29 24 18 22 2 25 11 11 29 23 21 15 24 23 4 18 2 3 6 13 1 6 9 15 3 26 21 25 5 16 30 20 22 20 19 5 27 12 27 26 4 15 9 29 24 3 15 30 23 21 6 12 20 16 18 1 23 4 12 6 8 10 2 1 24 6 4 5 13 30 13 31 1 13 7 14 19 13 19 27 10 28 21 6 17 20 4 21 30 22 11 17 21 2 14 2 16 8 13 31 13 1 5 10 1 22 18 10 23 19 14 4 11 22 12 9 19 5 23 20 23 10 24 24 19 12 11 30 13 28 18 3 11 14 17 28 30 6 23 17 20 17 15 21 28 28 30 29 20 10 2 25 25 10 17 16 25 22 25 11 13 5 19 9 11 31 16 7 1 16 9 25 14 18 1 28 17 14 16 9 18 16 27 14 16 23 21 25 16 18 6 25 30 4 18 23 17 5 13 8 7 21 3 1 17 2 30 3 20 4 25 22 12 17 7 24 4 31 7 9 7 22 18 3 30 29 27 7 14 20 2 27 24 19 29 26 13 26 6 4 5 20 21 11 4 4 10 2 6 18 5 26 14 9 1 6 1 25 14 12 14 18 12 22 15 14 21 4 8 25 20 24 22 17 15 4 16 24 1 3 25 17 25 22 12 13 12 15 5 9 2 5 7 14 28 2 11 13 6 29 13 1 28 20 20 23 30 4 26 6 27 26 30 18 13 21 15 15 10 11 10 9 7 1 16 11 18 26 6 24 7 22 13 16 6 23 14 30 7 2 26 10 14 6 10 12 9 18 3 18 11 10 4 19 25 2 21 4 28 17 17 8 29 31 5 9 18 20 1 25 23 8 10 22 30 2 14 11 23 2 10 8 9 2 5 3 8 22 24 26 3 12 13 16 28 2 27 12 13 9 26 20 10 9 16 22 28 17 15 28 22 13 24 15 26 28 7 22 25 22 26 14 26 8 24 27 3 26 27 23 4 30 15 15 21 4 13 9 27 14 30 20 5 27 6 24 29 3 22 1 9 16 14 7 24 21 21 30 4 26 17 3 18 9 20 3 11 19 16 22 11 28 22 2 16 22 11 8 3 31 1 25 18 26 18 9 31 14 10 26 9 20 22 1 30 13 27 14 20 15 10 16 8 5 19 29 9 22 19 17 15 26 12 31 28 21 29 16 9 18 9 19 1 10 8 12 14 16 28 6 8 15 12 2 25 14 13 16 14 10 6 21 2 28 19 17 30 17 2 23 17 25 5 9 16 1 2 12 19 5 25 16 20 5 7 6 10 16 25 27 9 4 30 14 4 17 6 2 22 25 25 14 12 30 6 10 24 6 1 22 29 4 9 26 3 22 15 2 31 3 13 29 24 31 27 29 13 23 9 22 31 2 14 11 17 23 1 8 9 18 23 11 11 7 10 3 24 15 14 9 14 19 17 31 5 8 20 9 4 19 13 21 24 25 3 7 5 21 25 27 4 10 28 28 2 18 27 23 18 31 3 30 23 16 9 21 16 18 31 7 31 18 8 18 26 27 16 10 27 12 28 31 21 12 8 24 21 24 23 20 5 30 1 25 8 30 5 2 17 12 1 21 4 4 28 8 4 4 12 27 10 31 17 12 3 3 23 24 4 11 16 30 6 29 5 20 11 7 26 18 18 27 6 22 17 9 3 11 14 24 6 9 23 25 23 5 9 15 10 1 27 31 22 24 21 31 8 1 19 23 10 11 26 19 26 1 5 27 28 5 24 28 17 29 7 5 17 18 26 27 28 21 4 30 31 24 18 19 25 13 12 11 21 2 7 19 7 26 12 5 4 10 22 14 16 21 20 7 17 15 13 29 13 2 12 2 2 18 9 4 19 26 14 16 26 19 16 14 8 24 26 19 18 28 23 24 6 1 30 1 24 4 6 14 13 19 19 5 28 15 21 22 12 23 31 15 17 14 5 31 3 14 8 19 27 10 19 21 9 16 17 25 23 3 7 1 12 14 14 17 18 27 20 12 7 9 14 7 4 25 20 8 2 5 6 7 12 16 27 15 28 22 23 24 3 15 13 31 4 28 9 21 11 24 5 7 21 30 14 3 9 10 8 2 18 4 25 4 31 15 3 28 1 28 10 19 4 28 22 9 12 19 12 19 12 8 15 20 6 30 15 3 23 17 27 27 21 28 28 3 6 1 28 3 9 16 21 14 21 2 14 8 5 13 8 20 30 29 12 31 10 15 22 23 5 10 24 11 19 20 23 9 25 2 7 12 16 8 20 21 16 17 18 2 15 22 25 2 5 7 26 14 22 10 7 11 20 9 25 23 24 4 28 29 27 19 2 11 24 12 24 10 6 23 8 18 10 29 20 31 18 10 25 18 14 28 22 21 29 15 5 10 4 28 5 10 26 23 15 9 20 3 24 28 12 28 9 25 16 26 29 23 5 28 24 16 29 18 12 11 29 15 3 16 17 31 1 8 5 31 1 19 30 4 20 9 10 24 9 14 18 1 2 3 17 18 16 17 14 13 3 3 8 23 8 5 6 17 10 9 10 8 11 26 29 12 1 28 29 17 1 31 9 26 1 12 29 3 21 19 23 1 6 21 30 6 19 16 18 8 7 29 6 9 6 25 6 19 26 3 27 17 20 25 17 11 28 1 20 29 26 12 29 3 18 25 6 6 7 29 13 1 13 6 9 4 5 11 30 4 16 6 24 26 2 10 21 5 11 20 24 9 30 22 5 30 18 20 11 28 1 11 25 1 22 13 5 11 11 23 14 12 2 30 24 8 28 5 27 11 11 31 9 5 9 9 21 15 24 17 29 4 7 18 9 10 24 23 19 18 4 18 14 22 27 29 8 17 23 29 8 16 4 23 9 27 15 17 7 2 7 4 7 31 25 19 27 15 8 15 17 20 1 23 24 13 27 31 5 20 5 14 14 3 11 19 29 9 28 10 19 28 7 5 5 26 19 29 7 24 19 8 30 31 4 10 13 15 6 12 31 19 5 25 21 4 15 12 18 8 8 21 12 28 16 7 16 2 26 10 23 23 30 26 22 5 1 23 26 11 16 7 1 25 4 21 15 12 18 26 3 8 5 14 14 6 21 13 17 30 1 10 20 25 11 22 5 6 23 7 29 28 28 24 4 21 27 21 9 15 26 11 28 5 10 3 10 2 18 5 22 16 29 11 5 28 24 9 17 1 29 25 25 10 12 2 15 23 10 28 2 19 26 17 7 8 14 27 6 18 28 25 28 24 2 5 4 16 12 14 27 28 12 15 5 3 10 21 27 20 12 1 12 23 25 10 23 2 29 31 7 31 19 28 27 30 12 22 11 21 5 19 6 9 5 3 9 5 17 31 12 27 15 10 12 8 18 9 6 5 26 14 13 31 23 22 9 6 2 26 5 14 28 23 4 20 20 6 15 18 28 15 25 7 21 23 18 15 10 19 1 25 13 28 28 4 22 19 12 15 6 29 19 17 4 29 23 19 3 29 13 6 10 30 1 18 31 3 25 5 18 30 5 28 8 7 16 4 5 30 9 30 2 12 6 15 2 7 10 6 15 2 17 3 14 5 8 29 4 19 7 14 12 29 9 12 19 20 15 3 8 30 28 13 19 12 23 27 2 15 20 1 1 10 27 20 20 8 11 25 12 24 13 17 27 5 6 14 18 14 13 26 6 15 2 14 27 1 14 17 5 21 22 8 5 3 10 14 15 2 20 27 17 9 17 20 10 21 12 7 31 25 8 21 2 31 22 3 7 21 2 8 25 16 9 9 15 5 11 4 5 10 5 30 17 3 11 19 20 5 8 10 13 3 12 25 28 27 28 14 29 28 27 16 18 6 26 12 17 16 2 23 4 21 3 3 23 30 6 26 3 31 13 21 2 15 30 18 26 27 14 27 15 9 10 7 5 28 11 8 18 1 20 24 24 20 20 9 22 5 4 28 10 5 16 21 19 18 16 3 16 24 7 21 31 31 21 23 2 5 21 28 21 5 29 3 19 3 7 28 24 2 5 27 22 12 10 16 31 3 20 11 26 7 27 14 20 17 14 3 25 29 25 31 20 19 24 15 18 19 18 25 24 27 20 9 10 20 23 31 5 26 4 23 14 9 4 26 1 8 13 30 17 29 5 26 4 29 16 29 10 21 4 8 10 5 30 29 31 21 26 14 23 12 12 9 14 23 6 6 10 17 18 17 25 1 6 25 13 20 12 12 4 21 20 28 23 31 26 22 18 20 19 29 30 26 25 11 5 22 6 15 16 21 8 14 5 26 16 24 12 28 2 11 25 21 18 24 15 15 10 27 5 23 14 19 20 27 26 25 30 17 9 16 31 16 4 17 15 24 4 5 21 2 29 8 3 23 14 22 28 14 22 26 31 30 28 12 1 30 25 5 15 23 1 13 12 18 22 27 5 20 31 22 11 31 6 20 27 9 11 6 19 20 29 17 12 25 6 21 19 2 12 11 14 1 24 22 23 1 4 15 2 19 1 26 5 8 22 5 1 1 12 6 7 8 1 5 3 25 17 22 15 15 4 27 23 8 25 18 11 21 5 31 8 21 16 5 13 21 28 12 4 12 25 2 20 13 4 31 1 31 22 18 3 30 8 23 2 7 15 25 21 10 12 21 26 28 31 28 26 24 29 15 22 6 26 5 4 4 2 30 20 31 6 24 28 9 25 14 25 10 28 18 8 8 20 29 27 22 29 7 29 21 20 8 12 29 24 14 18 8 26 14 29 7 3 19 2 4 5 10 25 10 7 15 10 21 17 1 19 3 21 18 10 4 17 18 22 28 19 4 30 4 23 5 17 8 21 20 12 17 21 19 24 12 25 19 7 21 24 18 25 1 30 14 17 15 20 16 2 29 26 19 3 16 30 8 8 8 10 4 5 17 24 12 5 26 18 19 16 7 29 2 1 24 15 29 24 12 20 28 21 3 27 30 19 6 25 25 3 18 8 23 31 5 1 19 26 2 29 15 22 9 29 6 3 20 26 31 22 12 10 30 13 29 9 5 25 25 20 18 13 27 22 9 6 7 1 25 11 9 19 30 30 13 8 17 7 5 15 2 4 3 31 29 6 2 24 19 16 14 9 1 28 12 22 26 25 15 3 15 3 10 9 26 10 1 6 11 27 13 1 13 25 10 20 3 17 3 4 22 28 10 25 22 16 2 28 21 26 12 18 2 29 29 7 1 25 23 7 26 26 11 4 19 2 29 12 21 29 3 26 27 27 18 20 20 14 2 6 24 23 29 20 15 14 1 31 30 19 30 2 5 6 11 27 19 6 14 26 23 21 1 20 24 15 5 6 14 1 9 3 5 22 30 11 1 29 22 18 31 5 21 9 29 3 18 1 28 15 17 18 27 22 7 24 2 13 25 1 9 21 28 5 26 26 20 9 3 21 21 2 27 15 31 19 24 21 7 16 25 4 30 22 11 4 24 6 22 8 8 26 7 9 18 21 22 10 14 1 1 15 17 4 6 1 20 24 4 23 10 27 19 2 19 23 15 19 22 20 11 29 8 21 15 25 27 19 5 7 19 1 15 18 14 7 30 11 5 5 30 5 6 23 1 7 28 5 17 7 14 9 7 18 1 28 10 1 29 2 1 10 5 10 19 18 28 9 22 3 27 8 8 23 5 3 10 20 30 23 3 20 18 10 23 19 31 14 26 7 27 5 3 13 25 10 10 11 25 27 22 27 11 14 2 6 3 7 16 27 13 26 10 15 14 21 8 25 26 6 8 15 2 30 6 31 5 9 31 9 27 24 28 14 30 27 16 9 17 1 28 21 4 18 21 19 23 4 24 23 12 6 3 23 28 18 31 22 8 26 4 24 12 25 25 30 14 15 1 27 25 31 18 26 27 21 22 11 15 4 21 23 7 26 29 14 12 31 5 16 23 4 10 30 31 30 26 28 1 24 8 7 15 19 15 29 18 16 5 13 29 26 24 29 25 27 24 10 31 17 20 10 6 11 17 23 27 8 11 7 17 26 14 30 4 31 28 24 7 1 16 23 29 6 10 10 10 1 9 7 23 10 31 9 10 7 9 27 7 3 16 11 11 6 29 23 19 24 6 25 17 20 29 24 31 28 28 19 7 25 1 30 7 12 29 24 5 3 29 3 3 16 12 11 18 1 4 10 4 16 27 2 21 10 30 9 12 5 18 15 1 22 27 26 16 16 29 4 5 26 22 14 3 22 14 14 7 29 25 26 8 2 8 24 24 18 25 13 28 3 8 29 25 29 15 12 24 25 6 8 4 11 28 17 27 20 3 11 28 13 10 23 30 25 25 31 7 27 6 30 20 23 8 22 27 10 6 16 3 28 22 11 27 5 18 6 4 3 30 4 15 11 31 25 10 28 2 21 31 2 14 25 18 17 13 2 20 8 28 4 28 18 14 24 5 6 16 2 7 17 27 27 28 31 10 24 11 2 27 7 22 10 23 26 21 30 26 12 20 29 2 10 10 31 14 15 6 2 29 9 17 13 18 29 6 25 10 11 14 25 18 13 28 21 3 28 13 2 31 8 30 30 10 27 14 14 15 19 23 23 11 9 19 12 18 5 1 28 18 14 18 15 30 7 13 23 1 18 31 8 22 22 10 31 30 11 23 17 16 2 19 16 23 16 14 29 11 19 15 19 20 9 19 22 16 11 14 1 2 3 7 18 21 19 28 19 25 22 26 15 4 29 27 28 17 28 18 15 9 31 23 2 31 26 30 21 18 18 13 13 4 20 28 20 28 12 16 3 2 31 12 22 14 5 12 28 19 16 15 25 5 1 19 14 16 10 25 10 15 21 27 12 22 4 31 14 4 14 31 3 29 13 30 16 7 28 25 26 20 1 4 9 20 5 12 11 19 17 27 23 5 22 4 19 2 27 13 6 8 5 1 27 23 12 16 31 2 31 18 21 23 24 11 19 24 25 16 16 23 19 13 25 31 11 26 28 20 20 8 30 30 28 24 23 26 16 26 13 17 21 8 24 16 27 31 14 2 17 20 23 5 30 22 29 17 14 16 18 18 6 29 12 1 2 25 22 30 8 15 10 9 6 25 22 17 24 28 13 11 14 25 17 10 9 30 14 13 29 31 24 25 1 9 31 25 27 22 16 5 3 15 18 11 19 12 31 4 14 13 12 21 9 22 29 26 23 8 3 8 21 17 8 12 17 7 31 9 25 19 28 22 19 2 25 5 10 15 25 21 29 1 31 14 29 11 16 17 13 24 10 25 8 31 3 29 14 19 14 22 24 4 20 6 21 31 20 7 23 9 4 31 26 9 23 10 21 30 15 17 22 29 20 22 25 11 13 28 30 15 14 16 29 7 11 5 20 4 11 9 22 6 6 18 2 7 9 10 12 20 17 28 10 21 15 24 11 10 11 5 1 4 13 9 31 31 21 11 9 12 31 21 21 2 13 26 6 1 1 30 25 15 25 18 21 14 21 2 13 30 6 29 1 25 15 6 21 31 18 27 17 18 31 21 27 14 8 18 2 12 4 18 28 3 23 23 20 4 29 29 21 3 20 23 5 30 3 24 26 11 19 1 10 16 7 23 5 8 15 1 2 11 18 18 19 15 30 1 19 1 19 29 16 8 3 5 16 26 7 30 14 14 8 13 30 7 6 5 16 18 27 7 22 26 4 29 31 20 3 20 25 19 14 9 4 19 24 6 18 4 3 7 2 5 4 17 20 9 22 12 13 18 13 27 8 15 26 5 11 20 10 29 18 13 2 5 13 24 3 11 19 8 4 16 23 22 3 10 10 19 12 19 31 5 23 20 29 3 3 24 28 30 5 17 28 26 24 26 8 24 18 18 6 7 28 5 27 10 7 30 23 17 1 14 11 20 20 14 15 15 16 8 14 8 7 2 19 19 30 31 23 24 3 18 29 26 15 10 29 2 20 27 5 30 5 9 26 4 26 22 5 29 5 22 2 2 7 15 31 1 2 25 11 11 4 12 1 10 1 25 30 16 8 11 20 7 23 28 31 13 30 19 30 20 29 9 24 26 20 20 29 19 4 22 30 13 23 31 26 11 24 23 17 28 12 3 6 6 23 1 28 10 30 30 5 3 12 11 23 20 16 10 2 17 16 12 26 7 31 6 23 11 4 21 29 6 5 2 27 7 17 24 2 10 2 8 30 10 19 15 8 9 16 5 21 6 10 16 23 15 17 8 19 19 26 16 30 29 20 3 15 3 14 6 15 30 23 25 13 19 10 9 9 6 8 22 28 3 23 7 20 1 14 3 1 18 8 11 27 23 3 30 15 8 5 6 5 5 2 20 8 8 11 19 10 22 7 9 24 17 26 28 27 12 30 17 31 7 30 18 24 14 3 15 5 3 21 27 26 19 6 12 11 28 5 10 11 21 24 8 5 23 9 13 5 4 5 3 27 21 25 25 18 4 21 12 23 29 2 22 20 21 3 2 30 13 31 26 21 4 31 7 4 21 7 6 18 24 26 17 30 14 8 3 22 4 26 10 14 1 4 16 16 3 31 13 20 13 14 22 13 24 1 21 19 7 28 31 11 7 8 13 27 17 8 12 16 17 19 23 13 5 9 6 7 16 5 10 12 26 14 25 28 5 26 9 28 19 6 25 24 20 26 14 19 6 2 28 3 13 20 7 20 27 21 12 5 30 10 8 13 11 8 17 2 8 18 15 25 12 10 6 28 9 4 2 31 19 10 3 7 14 15 22 19 25 30 8 26 31 30 26 9 23 7 7 20 20 18 6 8 29 27 29 8 21 23 16 16 1 27 5 5 6 23 8 29 29 20 13 19 7 12 13 23 21 30 6 31 10 7 1 2 28 2 24 23 2 23 5 31 12 3 17 18 28 15 5 9 22 17 6 13 3 8 10 10 26 15 20 8 8 14 9 9 18 5 25 28 16 11 7 9 8 1 31 12 21 8 29 27 26 31 8 8 13 11 12 7 10 26 4 15 29 11 8 7 5 8 12 14 4 19 22 23 5 27 6 10 19 14 22 7 30 1 14 17 13 18 5 17 12 15 20 28 16 26 8 22 12 9 26 7 6 16 19 15 3 14 12 23 15 25 6 2 11 10 21 16 8 20 26 23 13 31 7 16 6 17 3 10 12 27 27 23 27 14 13 13 24 9 17 30 3 7 11 24 24 15 28 1 16 7 9 23 10 11 22 8 31 16 7 17 26 2 4 5 1 1 22 12 21 3 27 14 15 27 31 22 12 26 4 15 2 23 11 12 24 13 6 14 9 2 9 5 10 19 25 11 6 26 18 8 6 13 1 2 14 30 9 19 27 2 5 10 4 21 1 18 20 21 29 18 7 9 28 28 1 14 31 9 26 4 14 21 23 1 28 8 3 19 6 3 27 15 10 31 23 2 29 5 1 31 1 28 12 15 28 26 6 20 6 8 30 30 9 24 17 30 3 4 8 5 4 16 26 30 2 8 26 7 30 9 3 6 28 20 27 14 18 15 14 18 31 21 29 5 10 12 15 12 25 3 31 5 31 11 9 7 8 14 14 27 7 31 14 13 15 13 15 28 8 6 21 25 24 4 5 31 29 23 19 11 17 30 4 19 5 7 6 9 11 16 18 15 27 17 12 26 13 31 15 26 20 10 29 19 5 5 13 5 21 11 11 14 10 27 12 29 22 4 4 28 30 7 7 15 8 3 16 30 13 17 9 7 31 15 16 7 6 16 2 5 26 7 9 11 2 19 19 8 12 5 22 20 22 18 16 8 12 17 30 16 19 3 29 2 13 27 19 17 6 18 25 19 2 8 29 28 16 13 27 17 7 10 30 16 1 26 25 23 11 15 14 29 2 18 23 23 2 7 18 29 9 18 13 24 23 2 9 6 17 5 9 24 28 12 13 10 5 18 22 2 27 1 25 6 6 2 27 14 8 27 9 24 4 30 15 18 6 30 24 14 6 10 18 22 24 21 22 3 6 18 8 14 4 6 14 21 2 27 11 8 2 29 28 13 19 11 1 30 30 16 8 20 15 16 14 10 25 23 11 20 7 27 10 5 29 12 30 26 23 21 14 3 28 3 9 26 28 20 7 7 10 2 21 27 14 18 14 28 5 24 15 8 28 28 3 17 10 27 30 5 15 24 31 7 1 17 15 8 10 5 29 19 22 15 30 24 2 12 19 9 4 26 3 16 9 18 24 22 18 13 19 1 12 25 7 1 4 21 15 5 19 8 13 6 22 3 20 14 8 12 29 4 29 13 16 2 23 20 6 2 10 25 13 5 20 21 22 23 30 4 11 13 20 23 17 29 4 17 14 7 8 3 17 26 12 25 31 11 9 14 13 12 16 21 2 29 12 4 7 31 31 9 21 9 8 1 1 7 3 10 28 15 26 13 28 22 4 29 2 30 11 23 21 12 19 18 4 9 9 18 20 14 20 29 24 18 12 17 19 10 8 15 27 20 28 15 4 25 28 31 26 12 15 29 12 26 8 19 15 25 16 2 26 8 19 30 5 31 18 3 6 4 15 11 18 7 12 21 30 9 1 29 19 9 28 19 16 15 18 19 11 12 21 15 27 30 27 16 14 11 8 20 2 29 1 21 29 28 13 6 22 9 10 21 23 23 24 12 30 17 27 8 28 16 22 28 27 28 20 2 2 11 15 6 2 5 27 21 13 31 23 18 31 16 7 1 28 31 16 29 4 16 24 30 15 24 1 7 18 14 24 8 20 17 15 25 19 20 5 21 14 25 28 17 6 1 31 19 10 27 26 8 28 7 25 31 19 13 26 28 21 1 12 18 25 31 4 18 14 22 19 10 7 20 28 22 15 4 25 27 9 7 21 1 15 6 25 21 14 22 8 13 11 3 22 19 29 18 5 22 31 29 16 6 24 17 22 4 27 11 16 31 19 1 22 16 6 25 8 2 26 25 1 31 28 24 23 30 12 13 30 25 7 1 14 28 6 31 16 10 23 18 26 18 23 22 29 10 16 3 23 11 23 8 13 3 7 8 12 14 20 25 7 24 13 4 17 8 11 21 3 5 18 29 2 25 1 2 14 3 24 6 9 14 13 2 31 7 16 21 30 2 14 17 11 13 12 24 18 14 26 24 28 13 7 10 9 25 8 25 23 26 27 22 22 29 28 23 7 25 16 25 14 6 10 5 15 24 28 22 14 12 8 24 7 23 5 18 28 17 27 22 4 17 8 8 31 10 1 28 17 7 30 3 7 12 4 10 13 29 10 7 9 11 27 6 3 15 31 9 17 16 12 24 26 2 31 9 3 28 20 14 16 15 6 1 18 7 12 11 14 8 23 2 15 1 21 31 28 29 6 22 24 9 12 28 28 19 22 19 31 21 28 3 25 29 24 22 14 15 4 2 5 9 15 13 20 20 4 19 4 25 14 6 2 22 31 1 10 2 8 28 9 7 3 15 20 8 26 28 5 13 12 21 4 26 27 13 15 2 15 16 2 14 15 22 10 27 16 10 4 8 5 31 16 13 23 15 7 4 29 30 10 29 24 15 30 24 24 10 30 4 10 3 3 14 10 23 14 16 30 30 26 19 23 25 15 11 4 15 21 22 6 14 13 9 2 24 10 21 22 11 6 29 14 28 15 6 2 6 2 21 6 31 2 23 21 19 28 10 13 10 18 22 14 15 28 4 3 23 25 31 21 1 7 14 2 7 28 20 16 10 23 8 22 24 13 3 29 23 27 5 18 4 17 26 8 6 7 9 10 21 27 9 17 29 4 10 21 19 6 14 20 8 23 25 7 14 22 7 11 20 6 6 22 25 24 8 29 28 19 27 5 28 25 5 3 27 8 9 24 27 11 22 20 17 26 13 11 30 19 12 31 4 21 4 15 23 26 6 4 22 14 12 18 18 23 9 11 10 4 17 28 25 15 7 11 17 16 25 4 14 23 17 16 9 17 19 7 31 18 3 27 5 28 16 31 18 12 5 22 19 19 21 26 21 16 15 9 25 30 4 16 30 4 28 22 27 14 4 28 27 4 14 26 3 16 2 3 13 16 23 5 20 17 26 9 21 28 25 23 25 8 31 28 13 18 26 30 14 3 18 24 8 8 27 7 2 24 30 21 25 27 27 16 11 22 4 3 4 17 10 16 6 2 1 29 18 19 8 5 31 1 9 16 1 19 13 21 3 9 26 27 6 1 4 27 2 9 5 18 23 14 29 1 15 27 15 31 16 9 24 25 11 18 5 30 9 17 6 3 15 21 5 20 4 1 6 10 28 15 3 20 13 19 4 9 9 3 9 7 16 26 1 13 31 1 8 19 27 4 4 23 15 1 29 15 12 3 28 1 8 25 6 22 17 6 30 11 12 27 9 28 22 13 26 25 8 21 14 13 28 10 19 21 3 8 3 17 1 21 7 26 24 16 4 16 13 4 16 13 30 30 16 9 3 18 24 5 18 12 31 23 27 19 24 19 19 19 2 20 4 17 5 7 15 9 3 12 9 7 15 13 12 10 14 20 28 3 11 27 27 22 30 3 12 29 11 18 7 3 8 7 23 5 6 13 27 6 8 14 9 21 2 21 12 18 4 20 15 8 12 3 18 21 18 15 3 31 6 24 1 28 23 23 17 27 26 26 16 17 10 17 18 20 26 31 6 14 2 25 15 20 28 28 19 19 23 25 11 18 26 24 31 17 24 30 1 9 14 22 1 14 13 1 31 17 31 29 12 31 9 15 3 11 19 5 18 25 29 22 10 16 26 15 18 11 2 23 3 7 29 12 23 17 17 10 4 7 2 18 1 29 7 15 5 23 4 28 15 23 16 24 1 14 20 12 8 31 7 7 6 23 25 9 10 4 3 27 27 10 11 6 10 25 31 18 20 22 23 11 9 2 1 4 24 22 6 13 30 18 19 6 5 2 1 6 7 13 19 30 21 13 11 20 20 16 30 13 20 27 26 23 27 9 2 13 23 14 18 11 11 30 4 16 16 22 11 29 15 15 23 2 24 10 25 26 13 21 30 25 8 20 15 15 21 1 9 19 11 26 30 10 26 24 6 19 11 21 20 9 30 21 6 31 15 26 20 2 26 21 22 23 10 22 18 11 21 28 11 25 22 17 19 16 6 6 3 7 5 26 18 1 3 30 7 30 15 4 28 21 21 31 12 19 24 19 25 20 6 27 15 29 30 31 23 18 9 11 31 2 29 28 26 19 15 16 31 7 28 27 14 18 27 25 18 17 10 4 1 23 22 3 20 9 3 13 21 3 8 29 3 1 8 25 9 13 23 23 24 16 21 14 1 12 25 3 17 9 1 29 9 10 21 13 29 25 7 3 28 4 28 17 8 20 12 6 20 25 22 10 28 6 5 2 21 24 2 14 15 9 5 18 3 26 10 31 31 15 21 23 22 22 18 22 15 12 3 7 22 16 10 25 31 6 1 31 17 9 4 27 12 12 5 31 1 19 25 23 25 30 14 3 22 30 2 17 1 21 27 28 9 5 22 6 18 11 9 23 14 9 11 7 8 25 1 4 8 16 10 11 25 28 13 19 4 2 19 14 13 27 26 15 25 2 19 29 25 18 25 9 26 2 26 1 18 31 9 18 24 2 24 14 28 22 20 20 15 22 8 28 8 18 5 5 23 26 14 21 12 11 31 3 4 29 13 5 11 29 4 20 29 6 29 8 12 3 16 18 19 22 17 5 14 22 19 2 3 30 6 19 3 16 4 29 25 20 11 20 23 2 18 27 13 14 4 21 8 16 17 5 27 1 16 8 12 29 28 7 26 28 2 15 28
